400000805
030000000
000700000
020000060
000080400
000010000
000603070
500200000
104000000

520006000
000000701
300000000
000400800
600000050
000000000
041800000
000030020
008700000

600000803
040700000
000000000
000504070
300200000
106000000
020000050
000080600
000010000

480300000
000000071
020000000
705000060
000200800
000000000
001076000
300000400
000050000

000014000
030000200
070000000
000900030
601000000
000000080
200000104
000050600
000708000

000000520
080400000
030009000
501000600
200700000
000300000
600010000
000000704
000000030

602050000
000003040
000000000
430008000
010000200
000000700
500270000
000000081
000600000

052400000
000070100
000000000
000802000
300000600
090500000
106030000
000000089
700000000

602050000
000004030
000000000
430008000
010000200
000000700
500270000
000000081
000600000

092300000
000080100
000000000
107040000
000000065
800000000
060502000
400000700
000900000

600302000
050000010
000000000
702600000
000000054
300000000
080150000
000040200
000000700

060501090
100090053
900007000
040800070
000000508
081705030
000050200
000000000
076008000

005000987
040050001
007000000
200048000
090100000
600200000
300600200
000009070
000000500

306070000
000000051
800000000
010405000
700000600
000200000
020000040
000080300
000500000

100000308
070400000
000000000
203010000
000000095
800000000
050600070
000080200
040000000

600302000
040000010
000000000
702600000
000000054
300000000
080150000
000040200
000000700

000030090
000200001
050900000
000000000
102080406
080500020
075000000
401006003
000004060

450000030
000801000
090000000
000050090
200700000
800000000
010040000
000000702
000600800

023700006
800060590
900000700
000040970
307096002
000000000
500470000
000002000
080000000

008400030
000300000
900001574
790008000
000007005
140000020
009060002
050000400
000090056

098010000
200000060
000000000
000302050
084000000
000600000
000040809
300500000
000000100

002470058
000000000
000001040
000020009
528090400
009000100
000000030
300007500
685002000

400000805
030000000
000700000
020000060
000050400
000010000
000603070
500200000
109000000

020300000
063000005
800000001
500009030
000700000
000100008
087900260
000006070
006007004

100000709
040007200
800000000
070010060
300000005
060040020
000000008
005300070
702000046

400000300
000802000
000700000
000100087
340000000
600000000
500060000
000010400
082000000

000000071
020800000
000403000
700060050
000200300
900000000
600070000
080000400
000050000

600302000
040000080
000000000
702600000
000000054
300000000
080150000
000080200
000000700

047080001
000000000
000600700
600003570
000005000
010060000
280040000
090100040
000020690

000000801
700200000
000506000
000700050
010000300
080000000
500000020
040080000
600030000

380600000
009000000
020030510
000005000
030010060
000400000
017050080
000000900
000007032

000500000
000000506
970000020
004802000
250100030
080030000
000004070
013050090
020003100

020000000
305062009
068000300
050000000
000640802
004700900
003000001
000006000
170430000

080040000
300000010
000000020
005000406
900100800
200000000
000309000
060000500
000200000

008090100
060500020
000006000
030107050
000000009
004000300
050000200
070003080
200700004

400000508
030000000
000700000
020000060
000050800
000010000
000603070
500200000
108000000

100000308
060400000
000000000
203010000
000000095
800000000
050600070
000080200
040000000

100006080
064000000
000040007
000090600
070400500
500070100
050000320
300008000
400000000

249060003
030000200
800000005
000006000
000200000
010040820
090500700
004000001
070003000

000800009
087300040
600700000
008500970
000000000
043007500
000003000
030001450
400002001

000501000
090000800
060000000
401000000
000070090
000000030
800000105
000200400
000360000

000000801
600200000
000705000
000600020
010000300
080000000
200000070
030080000
500040000

047600050
803000002
000009000
000805006
000100000
602400000
078000510
006000040
090004007

000007095
000001000
860020000
020073008
500000060
003004900
305000417
240000000
000000000